200   80.06   52	1 44 -238 2 3
2 48 -235 4 4
3 52 -34 1 1
4 53 -170 4 2
5 65 -186 5 2
6 66 -138 2 0
7 66 -172 2 0
8 70 -164 4 5
9 73 -58 3 1
10 74 -131 4 3
11 81 -130 1 0
12 82 -128 3 2
13 84 -29 2 2
14 88 -69 2 0
15 89 -53 1 1
16 91 -98 3 2
17 93 -33 2 1
18 98 -92 2 2
19 98 -136 4 3
20 101 -189 1 1
21 102 -229 1 1
22 103 -22 4 3
23 103 -43 3 2
24 104 -98 4 2
25 105 -101 1 1
26 107 -220 3 3
27 108 -38 4 4
28 108 -154 2 2
29 109 -85 3 2
30 109 -109 14 9
31 109 -202 4 2
32 111 11 2 2
33 111 -121 1 0
34 111 -140 4 2
35 111 -140 4 2
36 114 -7 4 2
37 115 -57 4 4
38 115 -62 4 3
39 115 -99 1 1
40 115 -112 4 3
41 117 -2 3 2
42 118 -63 2 1
43 120 -6 20 15
44 121 28 1 1
45 121 15 2 1
46 122 -24 1 1
47 123 -32 17 7
48 126 6 3 2
49 126 -47 2 0
50 130 -46 3 4
51 130 -21 20 13
52 131 1 18 15
53 132 33 1 1
54 135 11 4 1
55 136 -22 2 2
56 137 20 4 4
57 138 -26 4 2
58 139 82 1 0
59 139 -10 17 8
60 140 99 2 1
61 140 83 2 1
62 142 66 4 4
63 142 59 4 3
64 143 100 4 1
65 143 21 2 1
66 143 -21 2 2
67 144 86 1 1
68 145 64 3 4
69 145 46 1 0
70 149 128 1 0
71 151 80 1 2
72 151 47 2 1
73 152 59 3 1
74 152 -15 2 3
75 154 60 2 3
76 154 42 17 9
77 155 61 2 2
