1000   49.31   73
1   13    -319    10    7
2   19    -87    3    3
3   28    -23    7    5
4   34    -70    4    2
5   40    -94    1    1
6   40    -102    10    6
7   41    -231    1    0
8   42    -95    3    2
9   43    -157    1    0
10   45    -15    3    1
14   47    -59    2    3
15   47    -76    1    1
12   46    -153    4    3
17   51    -32    2    2
21   54    -6    1    0
22   54    -73    3    3
18   52    -85    4    3
29   60    -72    2    3
37   65    -23    3    2
38   67    -54    4    3
42   71    -32    2    3
39   68    -46    9    8
43   73    -54    2    2
44   73    -55    2    1
30   60    -59    10    7
54   83    -58    1    0
40   70    -63    3    2
57   85    -24    2    1
50   79    -58    2    2
67   91    -26    2    2
41   70    -60    8    6
82   96    -5    3    1
85   97    -18    2    1
90   99    -17    8    7
93   100    -39    3    1
118   107    -39    1    1
119   107    -41    1    1
76   95    -42    5    4
120   108    -41    2    0
130   110    -27    1    1
136   112    -32    2    1
141   113    -9    2    1
147   114    -9    2    1
137   112    -28    4    3
171   118    -7    2    3
157   116    -22    2    2
131   110    -32    2    2
207   127    -20    4    3
240   133    -19    2    1
164   117    -20    10    5
56   84    -22    2    2
262   138    -14    4    4
194   124    -18    1    1
97   102    -18    1    0
125   109    -21    2    1
158   116    -21    2    0
310   146    -8    2    2
303   145    -14    4    3
271   139    -20    4    3
315   147    -2    4    4
347   152    -7    4    6
311   146    -4    2    0
111   106    -6    2    2
304   145    -4    4    3
321   148    -5    3    3
374   157    -2    4    1
244   135    -1    4    4
53   82    -3    1    0
126   109    -4    2    1
351   153    -5    1    1
103   104    -5    1    1
245   135    1    3    1
72   92    1    1    1
395   160    0    1    0
342   151    1    2    1
387   159    1    2    2
138   112    3    4    5
363   155    -1    2    0
352   153    5    3    2
221   130    2    1    1
61   88    6    2    2
83   96    7    4    3
112   106    10    3    5
241   133    12    2    0
133   111    11    1    1
375   157    12    2    1
451   168    15    3    0
96   101    14    4    4
24   56    17    4    5
87   98    18    2    1
148   114    19    2    3
214   129    38    16    12
322   148    39    4    2
186   121    43    4    3
354   154    42    4    2
388   159    48    4    1
426   165    43    2    1
389   159    47    2    0
301   144    62    16    11
376   157    66    3    2
472   171    68    1    0
494   175    68    4    3
113   106    64    1    1
142   113    67    2    1
187   121    65    2    2
500   177    73    6    5
77   95    79    10    9
159   116    83    4    2
316   147    85    1    1
364   155    84    2    2
501   177    85    1    0
165   117    89    4    0
200   126    90    1    0
365   155    90    1    0
35   64    89    2    2
149   114    90    2    0
226   131    90    2    2
305   145    112    17    13
353   153    115    2    0
34   63    117    10    7
195   124    123    4    4
201   126    135    12    4
427   165    135    2    2
150   114    131    1    0
481   173    136    1    0
154   115    141    11    9
215   129    143    3    2
